%initialize variables for water filling
function [Time, Cost] = water_filling_init()
    Time = 24; 
    c = [404.46, 370.77, 365.37, 348.89, 334.36, 357.83, 401.88, 450.09, 480, 455.2, 464.9, 457.05, 460, 447.3,440,409.74,401,449.01,459.02,455.2,418.25,400,392.63,371.6];
end
